606
1151
1424
2787
3332
3606
4969
5515
5787
6606
6878
7151
7697
7969
8787
9060
9333
9878
10151
11515
12060
12333
13696
14242
14515
15333
15606
15878
16424
16696
17515
17787
18044
18180
18316
18589
18725
18862
19134
19271
19407
19680
19816
19953
20225
20771
20907
21044
21316
21453
21589
21862
21998
22134
22407
22953
23089
23225
23498
24044
24316
24589
25134
25271
25407
26225
26498
26771
27316
27453
27589
27862
27998
28134
28407
28544
28680
28953
29498
29634
29771
30044
30180
30316
30589
30725
30862
31134
31680
31816
31953
32225
32362
32498
32771
33044
33316
33862
33998
34134
34407
34544
34680
34953
35498
36044
36180
36316
37134
37407
37680
38225
38362
38498
39316
39589
39862
40407
40544
40680
41498
41771
42044
42589
42725
42862
43680
43953
44225
44771
44907
45044
45862
46134
46407
46953
47089
47225
48044
48316
48589
49134
49271
49407
50225
50498
50771
51316
51453
51589
52407
52680
52953
53498
53634
53771
54589
55134
55271
55407
55544
55680
55953
56225
56498
56771
57316
57453
57589
57725
57862
58134
58407
58680
58953
59225
59498
59634
59771
59907
60044
60316
60589
61134
61407
61680
62225
62362
62498
62771
63044
63316
63862
63998
64134
64271
64407
64680
64953
65225
65498
65771
66044
66180
66316
66453
66589
66862
67134
67407
67680
67953
68225
68362
68498
68634
68771
69044
69316
69862
69998
70134
70271
70407
70544
70680
70816
70953
71089
71225
71362
71498
71634
71771
71907
72044
72180
72316
72589
72725
72862
72998
73134
73271
73407
73544
73680
73816
73953
74089
74225
74362
74498
74771
74907
75044
75180
75316
75453
75589
75725
75862
75998
76134
76271
76407
76544
76680
76953
77089
77225
77362
77498
77634
77771
77907
78044
78180
78316
78453
78589
78725
78862
79134
79271
79407
79544
79680
79816
79953
80089
80225
80362
80498
80634
80771
80907
81044
81316
81453
81589
81725
81862
81998
82134
82271
82407
82544
82680
82816
82953
83089
83225
83498
83634
83771
83907
84044
84180
84316
84453
84589
84725
84862
84998
85134
85271
85407
85680
85816
85953
86089
86225
86362
86498
86634
86771
86907
87044
87180
87316
87452
87589
87862
88407
88680
90044
90589
90862
91953
92225
92771
93044
94134
94407
94953
95225
96316
96589
97134
97407
98771
99316
99589
100680
100953
101498
101771
102589
102862
103134
103680
103953
104771
105044
105316
105862
105998
106134
106407
106680
106953
107498
108044
108180
108316
108589
108862
109134
109680
110225
110362
110498
110771
111044
111316
111862
112407
112544
112680
112953
113225
113498
114044
114589
114726
114862
115134
115407
115680
116225
116770
116907
117043
117316
117588
117861
118407
118952
119089
119225
119498
119770
120043
120589
121134
121271
121407
121680
121952
122225
122771
123316
123589
124407
124953
125498
125771
126044
126316
126589
126862
127134
127679
127952
128225
128497
128770
129043
129316
129861
130134
130271
130407
130544
130679
130952
131225
131497
132044
132316
132589
133134
133407
133680
134225
134498
134771
135044
135316
135589
135862
136407
136680
136816
136953
137089
137226
137498
137771
138044
138180
138316
138589
138725
138862
138998
139134
139271
139407
139544
139680
140225
140771
141044
142407
142953
143226
144316
144589
145134
145407
146498
146771
147316
147589
148680
148953
149498
149771
151134
151680
151953
153044
153316
153862
154134
155225
155498
156044
156316
157407
157544
157680
158225
158498
159822
160343
160604
161618
161870
162357
162601
163559
163797
164258
164489
165395
165620
166054
166272
167316
167718
167920
168701
168895
169258
169440
170156
170334
170680
170854
171371
171716
172060
172233
172578
172750
172922
173095
173440
173612
173784
173957
174129
174474
174819
174991
175078
175164
175250
175336
175422
175509
175595
175681
175767
175853
176198
176284
176371
176457
176543
176629
176716
176802
176888
176974
177060
177147
177233
177578
177750
178095
178267
178440
178612
178784
178957
179129
179474
179647
179819
179991
180336
180509
180595
180681
180767
180853
180940
181026
181112
181198
181284
181371
181716
181802
181888
181974
182060
182147
182233
182319
182405
182491
182578
182664
182750
183095
183267
183612
183784
183957
184129
184474
184647
184991
185336
185509
185853
186026
186112
186198
186284
186371
186457
186543
186629
186716
186888
187060
187233
187319
187405
187491
187578
187664
187750
187836
187922
188009
188095
188181
188267
188526
188612
188698
188784
189129
189302
189388
189474
189647
189991
190164
190336
190509
190681
190853
191026
191371
191543
191629
191716
191802
191888
191974
192060
192147
192233
192319
192405
192750
192836
192922
193009
193095
193181
193267
193353
193440
193526
193612
193698
193784
194129
194302
194474
194647
194819
194991
195164
195509
195681
195853
196026
196198
196371
196543
196716
196888
197060
197147
197233
197319
197405
197491
197578
197664
197750
197922
198095
198267
198353
198440
198526
198612
198698
198784
198871
198957
199043
199129
199302
199474
199647
199819
199991
200164
200336
200509
200681
200853
201026
201198
201371
201543
201716
201888
202060
202233
202405
202578
202664
202750
202836
202922
203009
203095
203181
203267
203440
203612
203784
203871
203957
204043
204129
204216
204302
204388
204474
204560
204647
204819
205164
205336
205509
205681
205853
206026
206198
206543
206716
206888
207060
207233
207405
207578
207922
208095
208181
208267
208353
208440
208526
208612
208698
208784
208957
209302
209388
209474
209560
209647
209733
209819
209905
209991
210078
210164
210336
210681
210853
211026
211198
211371
211543
211716
212060
212233
212405
212578
212750
212922
213095
213440
213612
213698
213784
213871
213957
214043
214129
214216
214302
214474
214819
214905
214991
215078
215164
215250
215336
215422
215509
215595
215681
215853
0