606
1151
1424
2787
3332
3606
4969
5515
5787
6606
6878
7151
7697
7969
8787
9060
9333
9878
10151
11515
12060
12333
13696
14242
14515
15333
15606
15878
16424
16696
17515
17787
18044
18180
18316
18589
18725
18862
19134
19271
19407
19680
19816
19953
20225
20771
20907
21044
21316
21453
21589
21862
21998
22134
22407
22953
23089
23225
23498
24044
24316
24589
25134
25271
25407
26225
26498
26771
27316
27453
27589
27862
27998
28134
28407
28544
28680
28953
29498
29634
29771
30044
30180
30316
30589
30725
30862
31134
31680
31816
31953
32225
32362
32498
32771
33044
33316
33862
33998
34134
34407
34544
34680
34953
35498
36044
36180
36316
37134
37407
37680
38225
38362
38498
39316
39589
39862
40407
40544
40680
41498
41771
42044
42589
42725
42862
43680
43953
44225
44771
44907
45044
45862
46134
46407
46953
47089
47225
48044
48316
48589
49134
49271
49407
50225
50498
50771
51316
51453
51589
52407
52680
52953
53498
53634
53771
54589
55134
55271
55407
55544
55680
55953
56225
56498
56771
57316
57453
57589
57725
57862
58134
58407
58680
58953
59225
59498
59634
59771
59907
60044
60316
60589
61134
61407
61680
62225
62362
62498
62771
63044
63316
63862
63998
64134
64271
64407
64680
64953
65225
65498
65771
66044
66180
66316
66453
66589
66862
67134
67407
67680
67953
68225
68362
68498
68634
68771
69044
69316
69862
69998
70134
70271
70407
70544
70680
70816
70953
71089
71225
71362
71498
71634
71771
71907
72044
72180
72316
72589
72725
72862
72998
73134
73271
73407
73544
73680
73816
73953
74089
74225
74362
74498
74771
74907
75044
75180
75316
75453
75589
75725
75862
75998
76134
76271
76407
76544
76680
76953
77089
77225
77362
77498
77634
77771
77907
78044
78180
78316
78453
78589
78725
78862
79134
79271
79407
79544
79680
79816
79953
80089
80225
80362
80498
80634
80771
80907
81044
81316
81453
81589
81725
81862
81998
82134
82271
82407
82544
82680
82816
82953
83089
83225
83498
83634
83771
83907
84044
84180
84316
84453
84589
84725
84862
84998
85134
85271
85407
85680
85816
85953
86089
86225
86362
86498
86634
86771
86907
87044
87180
87316
87452
87589
87862
88407
88680
90044
90589
90862
91953
92225
92771
93044
94134
94407
94953
95225
96316
96589
97134
97407
98771
99316
99589
100680
100953
101498
101771
102589
102862
103134
103680
103953