251
751
823
1108
1394
1894
1966
2251
2466
2537
3037
3108
3394
3680
3966
4251
4680
4751
4823
5108
5323
5394
5680
5966
6251
6466
6537
6823
7108
7394
7680
7966
8251
8716
8823
9002
9108
9288
9394
9608
9680
9966
10430
10716
11001
11287
11394
11573
11680
11894
11966
12251
12751
13001
13287
13573
13680
13858
13966
14144
14251
14537
15001
15323
15573
15858
15966
16144
16251
16430
16537
16823
17287
17573
17858
18144
18251
18430
18537
18716
18823
19108
19573
19858
20144
20430
20537
20716
20823
21001
21108
21394
21858
22144
22430
22716
22823
23001
23108
23287
23394
23680
24144
24430
24716
25001
25108
25287
25394
25573
25680
25966
26430
26716
27001
27287
27394
27573
27680
27698
27877
27984
28269
28734
29019
29305
29591
29698
29877
29983
30162
30269
30554
31019
31304
31590
31876
31983
32162
32251
32430
32537
32822
33287
33572
33858
34144
34251
34430
34537
34716
34823
35108
35573
35858
36144
36430
36537
36716
36823
37002
37109
37394
37859
38144
38430
38716
38823
39002
39108
39287
39394
39679
40144
40429
40715
41001
41108
41287
41394
41573
41680
41965
42430
42715
43001
43287
43394
43573
43680
43966
44251
44537
44823
45287
45394
45573
45680
45858
45966
46144
46252
0